Date_reported, Country_code, Country, WHO_region, New_cases, Cumulative_cases, New_deaths, Cumulative_deaths
2020-01-24,FR,France,EURO,7,7,0,0
2020-01-25,FR,France,EURO,0,7,0,0
2020-01-26,FR,France,EURO,0,7,0,0
2020-01-27,FR,France,EURO,0,7,0,0
2020-01-28,FR,France,EURO,1,8,0,0
2020-01-29,FR,France,EURO,0,8,0,0
2020-01-30,FR,France,EURO,2,10,0,0
2020-01-31,FR,France,EURO,0,10,0,0
2020-02-01,FR,France,EURO,0,10,0,0
2020-02-02,FR,France,EURO,0,10,0,0
2020-02-03,FR,France,EURO,0,10,0,0
2020-02-04,FR,France,EURO,0,10,0,0
2020-02-05,FR,France,EURO,0,10,0,0
2020-02-06,FR,France,EURO,0,10,0,0
2020-02-07,FR,France,EURO,0,10,0,0
2020-02-08,FR,France,EURO,5,15,0,0
2020-02-09,FR,France,EURO,0,15,0,0
2020-02-10,FR,France,EURO,0,15,0,0
2020-02-11,FR,France,EURO,0,15,0,0
2020-02-12,FR,France,EURO,0,15,0,0
2020-02-13,FR,France,EURO,0,15,0,0
2020-02-14,FR,France,EURO,0,15,0,0
2020-02-15,FR,France,EURO,0,15,1,1
2020-02-16,FR,France,EURO,1,16,0,1
2020-02-17,FR,France,EURO,0,16,0,1
2020-02-18,FR,France,EURO,0,16,0,1
2020-02-19,FR,France,EURO,0,16,0,1
2020-02-20,FR,France,EURO,0,16,0,1
2020-02-21,FR,France,EURO,0,16,0,1
2020-02-22,FR,France,EURO,0,16,0,1
2020-02-23,FR,France,EURO,0,16,0,1
2020-02-24,FR,France,EURO,0,16,0,1
2020-02-25,FR,France,EURO,0,16,0,1
2020-02-26,FR,France,EURO,6,22,1,2
2020-02-27,FR,France,EURO,0,22,0,2
2020-02-28,FR,France,EURO,39,61,0,2
2020-02-29,FR,France,EURO,43,104,0,2
2020-03-01,FR,France,EURO,0,104,0,2
2020-03-02,FR,France,EURO,88,192,1,3
2020-03-03,FR,France,EURO,21,213,1,4
2020-03-04,FR,France,EURO,73,286,0,4
2020-03-05,FR,France,EURO,138,424,2,6
2020-03-06,FR,France,EURO,193,617,3,9
2020-03-07,FR,France,EURO,93,710,1,10
2020-03-08,FR,France,EURO,410,1120,9,19
2020-03-09,FR,France,EURO,286,1406,11,30
2020-03-10,FR,France,EURO,372,1778,3,33
2020-03-11,FR,France,EURO,495,2273,15,48
2020-03-12,FR,France,EURO,12,2285,0,48
2020-03-13,FR,France,EURO,1359,3644,31,79
2020-03-14,FR,France,EURO,829,4473,12,91
2020-03-15,FR,France,EURO,911,5384,36,127
2020-03-16,FR,France,EURO,1193,6577,21,148
2020-03-17,FR,France,EURO,1079,7656,27,175
2020-03-18,FR,France,EURO,1391,9047,69,244
2020-03-19,FR,France,EURO,1830,10877,128,372
2020-03-20,FR,France,EURO,1598,12475,78,450
2020-03-21,FR,France,EURO,1821,14296,112,562
2020-03-22,FR,France,EURO,0,14296,0,562
2020-03-23,FR,France,EURO,1525,15821,112,674
2020-03-24,FR,France,EURO,3794,19615,186,860
2020-03-25,FR,France,EURO,2410,22025,240,1100
2020-03-26,FR,France,EURO,2895,24920,231,1331
2020-03-27,FR,France,EURO,3866,28786,364,1695
2020-03-28,FR,France,EURO,3756,32542,297,1992
2020-03-29,FR,France,EURO,4603,37145,319,2311
2020-03-30,FR,France,EURO,2497,39642,291,2602
2020-03-31,FR,France,EURO,4335,43977,415,3017
2020-04-01,FR,France,EURO,7500,51477,497,3514
2020-04-02,FR,France,EURO,4784,56261,505,4019
2020-04-03,FR,France,EURO,2066,58327,471,4490
2020-04-04,FR,France,EURO,5209,63536,2003,6493
2020-04-05,FR,France,EURO,4221,67757,1053,7546
2020-04-06,FR,France,EURO,1850,69607,518,8064
2020-04-07,FR,France,EURO,3881,73488,832,8896
2020-04-08,FR,France,EURO,3738,77226,1417,10313
2020-04-09,FR,France,EURO,3869,81095,540,10853
2020-04-10,FR,France,EURO,4256,85351,1339,12192
2020-04-11,FR,France,EURO,4332,89683,987,13179
2020-04-12,FR,France,EURO,3104,92787,635,13814
2020-04-13,FR,France,EURO,1595,94382,560,14374
2020-04-14,FR,France,EURO,2668,97050,572,14946
2020-04-15,FR,France,EURO,5483,102533,762,15708
2020-04-16,FR,France,EURO,2622,105155,1438,17146
2020-04-17,FR,France,EURO,2623,107778,753,17899
2020-04-18,FR,France,EURO,385,108163,760,18659
2020-04-19,FR,France,EURO,2558,110721,635,19294
2020-04-20,FR,France,EURO,742,111463,395,19689
2020-04-21,FR,France,EURO,2050,113513,544,20233
2020-04-22,FR,France,EURO,2638,116151,530,20763
2020-04-23,FR,France,EURO,1810,117961,544,21307
2020-04-24,FR,France,EURO,1622,119583,516,21823
2020-04-25,FR,France,EURO,1755,121338,389,22212
2020-04-26,FR,France,EURO,1537,122875,368,22580
2020-04-27,FR,France,EURO,404,123279,241,22821
2020-04-28,FR,France,EURO,1160,124439,440,23261
2020-04-29,FR,France,EURO,1025,125464,366,23627
2020-04-30,FR,France,EURO,1602,127066,427,24054
2020-05-01,FR,France,EURO,1055,128121,288,24342
2020-05-02,FR,France,EURO,601,128722,218,24560
2020-05-03,FR,France,EURO,736,129458,164,24724
2020-05-04,FR,France,EURO,250,129708,135,24859
2020-05-05,FR,France,EURO,534,130242,306,25165
2020-05-06,FR,France,EURO,1050,131292,326,25491
2020-05-07,FR,France,EURO,4176,135468,278,25769
2020-05-08,FR,France,EURO,512,135980,177,25946
2020-05-09,FR,France,EURO,598,136578,242,26188
2020-05-10,FR,France,EURO,430,137008,80,26268
2020-05-11,FR,France,EURO,65,137073,70,26338
2020-05-12,FR,France,EURO,418,137491,262,26600
2020-05-13,FR,France,EURO,670,138161,348,26948
2020-05-14,FR,France,EURO,448,138609,81,27029
2020-05-15,FR,France,EURO,543,139152,349,27378
2020-05-16,FR,France,EURO,494,139646,104,27482
2020-05-17,FR,France,EURO,362,140008,96,27578
2020-05-18,FR,France,EURO,28,140036,481,28059
2020-05-19,FR,France,EURO,461,140497,131,28190
2020-05-20,FR,France,EURO,462,140959,-218,27972
2020-05-21,FR,France,EURO,353,141312,109,28081
2020-05-22,FR,France,EURO,278,141590,83,28164
2020-05-23,FR,France,EURO,359,141949,74,28238
2020-05-24,FR,France,EURO,224,142173,43,28281
2020-05-25,FR,France,EURO,31,142204,34,28315
2020-05-26,FR,France,EURO,278,142482,64,28379
2020-05-27,FR,France,EURO,222,142704,98,28477
2020-05-28,FR,France,EURO,148,142852,66,28543
2020-05-29,FR,France,EURO,3270,146122,65,28608
2020-05-30,FR,France,EURO,535,146657,52,28660
2020-05-31,FR,France,EURO,1779,148436,57,28717
2020-06-01,FR,France,EURO,88,148524,29,28746
2020-06-02,FR,France,EURO,251,148775,30,28776
2020-06-03,FR,France,EURO,-840,147935,107,28883
2020-06-04,FR,France,EURO,328,148263,81,28964
2020-06-05,FR,France,EURO,678,148941,43,29007
2020-06-06,FR,France,EURO,554,149495,46,29053
2020-06-07,FR,France,EURO,527,150022,31,29084
2020-06-08,FR,France,EURO,293,150315,13,29097
2020-06-09,FR,France,EURO,98,150413,52,29149
2020-06-10,FR,France,EURO,335,150748,85,29234
2020-06-11,FR,France,EURO,397,151145,23,29257
2020-06-12,FR,France,EURO,358,151503,27,29284
2020-06-13,FR,France,EURO,564,152067,28,29312
2020-06-14,FR,France,EURO,393,152460,23,29335
2020-06-15,FR,France,EURO,307,152767,8,29343
2020-06-16,FR,France,EURO,52,152819,30,29373
2020-06-17,FR,France,EURO,226,153045,108,29481
2020-06-18,FR,France,EURO,311,153356,28,29509
2020-06-19,FR,France,EURO,201,153557,28,29537
2020-06-20,FR,France,EURO,584,154141,14,29551
2020-06-21,FR,France,EURO,421,154562,14,29565
2020-06-22,FR,France,EURO,5,154567,6,29571
2020-06-23,FR,France,EURO,325,154892,20,29591
2020-06-24,FR,France,EURO,364,155256,57,29648
2020-06-25,FR,France,EURO,-169,155087,7,29655
2020-06-26,FR,France,EURO,0,155087,20,29675
2020-06-27,FR,France,EURO,1069,156156,25,29700
2020-06-28,FR,France,EURO,0,156156,0,29700
2020-06-29,FR,France,EURO,0,156156,0,29700
2020-06-30,FR,France,EURO,774,156930,30,29730
2020-07-01,FR,France,EURO,264,157194,30,29760
2020-07-02,FR,France,EURO,612,157806,17,29777
2020-07-03,FR,France,EURO,480,158286,14,29791
2020-07-04,FR,France,EURO,448,158734,17,29808
2020-07-05,FR,France,EURO,0,158734,0,29808
2020-07-06,FR,France,EURO,0,158734,0,29808
2020-07-07,FR,France,EURO,834,159568,23,29831
2020-07-08,FR,France,EURO,341,159909,12,29843
2020-07-09,FR,France,EURO,370,160279,30,29873
2020-07-10,FR,France,EURO,504,160783,13,29886
2020-07-11,FR,France,EURO,492,161275,21,29907
2020-07-12,FR,France,EURO,0,161275,0,29907
2020-07-13,FR,France,EURO,0,161275,0,29907
2020-07-14,FR,France,EURO,1115,162390,18,29925
2020-07-15,FR,France,EURO,0,162390,0,29925
2020-07-16,FR,France,EURO,767,163157,90,30015
2020-07-17,FR,France,EURO,393,163550,17,30032
2020-07-18,FR,France,EURO,697,164247,14,30046
2020-07-19,FR,France,EURO,0,164247,0,30046
2020-07-20,FR,France,EURO,0,164247,0,30046
2020-07-21,FR,France,EURO,1810,166057,8,30054
2020-07-22,FR,France,EURO,454,166511,0,30054
2020-07-23,FR,France,EURO,945,167456,6,30060
2020-07-24,FR,France,EURO,835,168291,9,30069
2020-07-25,FR,France,EURO,931,169222,9,30078
2020-07-26,FR,France,EURO,0,169222,0,30078
2020-07-27,FR,France,EURO,0,169222,0,30078
2020-07-28,FR,France,EURO,2254,171476,15,30093
2020-07-29,FR,France,EURO,672,172148,12,30105
2020-07-30,FR,France,EURO,1307,173455,15,30120
2020-07-31,FR,France,EURO,1193,174648,16,30136
2020-08-01,FR,France,EURO,1272,175920,11,30147
2020-08-02,FR,France,EURO,0,175920,0,30147
2020-08-03,FR,France,EURO,0,175920,0,30147
2020-08-04,FR,France,EURO,3152,179072,28,30175
2020-08-05,FR,France,EURO,965,180037,1,30176
2020-08-06,FR,France,EURO,1615,181652,6,30182
2020-08-07,FR,France,EURO,1520,183172,7,30189
2020-08-08,FR,France,EURO,2181,185353,12,30201
2020-08-09,FR,France,EURO,0,185353,0,30201
2020-08-10,FR,France,EURO,0,185353,0,30201
2020-08-11,FR,France,EURO,4619,189972,13,30214
2020-08-12,FR,France,EURO,1293,191265,13,30227
