Date_reported, Country_code, Country, WHO_region, New_cases, Cumulative_cases, New_deaths, Cumulative_deaths
2020-02-26,NO,Norway,EURO,1,1,0,0
2020-02-27,NO,Norway,EURO,3,4,0,0
2020-02-28,NO,Norway,EURO,2,6,0,0
2020-02-29,NO,Norway,EURO,1,7,0,0
2020-03-01,NO,Norway,EURO,12,19,0,0
2020-03-02,NO,Norway,EURO,6,25,0,0
2020-03-03,NO,Norway,EURO,8,33,0,0
2020-03-04,NO,Norway,EURO,0,33,0,0
2020-03-05,NO,Norway,EURO,23,56,0,0
2020-03-06,NO,Norway,EURO,57,113,0,0
2020-03-07,NO,Norway,EURO,34,147,0,0
2020-03-08,NO,Norway,EURO,22,169,0,0
2020-03-09,NO,Norway,EURO,23,192,0,0
2020-03-10,NO,Norway,EURO,85,277,0,0
2020-03-11,NO,Norway,EURO,0,277,0,0
2020-03-12,NO,Norway,EURO,0,277,0,0
2020-03-13,NO,Norway,EURO,473,750,1,1
2020-03-14,NO,Norway,EURO,157,907,0,1
2020-03-15,NO,Norway,EURO,170,1077,0,1
2020-03-16,NO,Norway,EURO,92,1169,2,3
2020-03-17,NO,Norway,EURO,139,1308,0,3
2020-03-18,NO,Norway,EURO,115,1423,0,3
2020-03-19,NO,Norway,EURO,129,1552,3,6
2020-03-20,NO,Norway,EURO,190,1742,1,7
2020-03-21,NO,Norway,EURO,184,1926,0,7
2020-03-22,NO,Norway,EURO,0,1926,0,7
2020-03-23,NO,Norway,EURO,4294965495,125,0,7
2020-03-24,NO,Norway,EURO,2246,2371,1,8
2020-03-25,NO,Norway,EURO,195,2566,2,10
2020-03-26,NO,Norway,EURO,350,2916,2,12
2020-03-27,NO,Norway,EURO,240,3156,2,14
2020-03-28,NO,Norway,EURO,425,3581,2,16
2020-03-29,NO,Norway,EURO,264,3845,4,20
2020-03-30,NO,Norway,EURO,257,4102,2,22
2020-03-31,NO,Norway,EURO,124,4226,4,26
2020-04-01,NO,Norway,EURO,221,4447,2,28
2020-04-02,NO,Norway,EURO,218,4665,4,32
2020-04-03,NO,Norway,EURO,270,4935,10,42
2020-04-04,NO,Norway,EURO,273,5208,2,44
2020-04-05,NO,Norway,EURO,302,5510,6,50
2020-04-06,NO,Norway,EURO,130,5640,8,58
2020-04-07,NO,Norway,EURO,115,5755,1,59
2020-04-08,NO,Norway,EURO,108,5863,10,69
2020-04-09,NO,Norway,EURO,147,6010,11,80
2020-04-10,NO,Norway,EURO,150,6160,8,88
2020-04-11,NO,Norway,EURO,84,6244,4,92
2020-04-12,NO,Norway,EURO,76,6320,6,98
2020-04-13,NO,Norway,EURO,95,6415,5,103
2020-04-14,NO,Norway,EURO,73,6488,11,114
2020-04-15,NO,Norway,EURO,78,6566,13,127
2020-04-16,NO,Norway,EURO,111,6677,3,130
2020-04-17,NO,Norway,EURO,114,6791,6,136
2020-04-18,NO,Norway,EURO,0,6791,0,136
2020-04-19,NO,Norway,EURO,193,6984,12,148
2020-04-20,NO,Norway,EURO,84,7068,6,154
2020-04-21,NO,Norway,EURO,45,7113,0,154
2020-04-22,NO,Norway,EURO,53,7166,9,163
2020-04-23,NO,Norway,EURO,84,7250,6,169
2020-04-24,NO,Norway,EURO,95,7345,11,180
2020-04-25,NO,Norway,EURO,63,7408,11,191
2020-04-26,NO,Norway,EURO,59,7467,2,193
2020-04-27,NO,Norway,EURO,38,7505,0,193
2020-04-28,NO,Norway,EURO,28,7533,0,193
2020-04-29,NO,Norway,EURO,72,7605,2,195
2020-04-30,NO,Norway,EURO,62,7667,7,202
2020-05-01,NO,Norway,EURO,43,7710,2,204
2020-05-02,NO,Norway,EURO,49,7759,0,204
2020-05-03,NO,Norway,EURO,0,7759,0,204
2020-05-04,NO,Norway,EURO,50,7809,4,208
2020-05-05,NO,Norway,EURO,38,7847,0,208
2020-05-06,NO,Norway,EURO,56,7903,1,209
2020-05-07,NO,Norway,EURO,50,7953,0,209
2020-05-08,NO,Norway,EURO,42,7995,0,209
2020-05-09,NO,Norway,EURO,39,8034,4,213
2020-05-10,NO,Norway,EURO,35,8069,0,213
2020-05-11,NO,Norway,EURO,30,8099,4,217
2020-05-12,NO,Norway,EURO,7,8106,7,224
2020-05-13,NO,Norway,EURO,29,8135,4,228
2020-05-14,NO,Norway,EURO,23,8158,1,229
2020-05-15,NO,Norway,EURO,17,8175,3,232
2020-05-16,NO,Norway,EURO,22,8197,0,232
2020-05-17,NO,Norway,EURO,0,8197,0,232
2020-05-18,NO,Norway,EURO,0,8197,0,232
2020-05-19,NO,Norway,EURO,52,8249,1,233
2020-05-20,NO,Norway,EURO,8,8257,0,233
2020-05-21,NO,Norway,EURO,11,8268,1,234
2020-05-22,NO,Norway,EURO,0,8268,0,234
2020-05-23,NO,Norway,EURO,41,8309,1,235
2020-05-24,NO,Norway,EURO,0,8309,0,235
2020-05-25,NO,Norway,EURO,0,8309,0,235
2020-05-26,NO,Norway,EURO,43,8352,0,235
2020-05-27,NO,Norway,EURO,12,8364,0,235
2020-05-28,NO,Norway,EURO,19,8383,0,235
2020-05-29,NO,Norway,EURO,18,8401,1,236
2020-05-30,NO,Norway,EURO,10,8411,0,236
2020-05-31,NO,Norway,EURO,0,8411,0,236
2020-06-01,NO,Norway,EURO,0,8411,0,236
2020-06-02,NO,Norway,EURO,0,8411,0,236
2020-06-03,NO,Norway,EURO,35,8446,1,237
2020-06-04,NO,Norway,EURO,0,8446,0,237
2020-06-05,NO,Norway,EURO,31,8477,1,238
2020-06-06,NO,Norway,EURO,27,8504,0,238
2020-06-07,NO,Norway,EURO,0,8504,0,238
2020-06-08,NO,Norway,EURO,0,8504,0,238
2020-06-09,NO,Norway,EURO,43,8547,1,239
2020-06-10,NO,Norway,EURO,16,8563,0,239
2020-06-11,NO,Norway,EURO,13,8576,0,239
2020-06-12,NO,Norway,EURO,18,8594,3,242
2020-06-13,NO,Norway,EURO,12,8606,0,242
2020-06-14,NO,Norway,EURO,0,8606,0,242
2020-06-15,NO,Norway,EURO,0,8606,0,242
2020-06-16,NO,Norway,EURO,25,8631,0,242
2020-06-17,NO,Norway,EURO,0,8631,0,242
2020-06-18,NO,Norway,EURO,29,8660,1,243
2020-06-19,NO,Norway,EURO,32,8692,1,244
2020-06-20,NO,Norway,EURO,0,8692,0,244
2020-06-21,NO,Norway,EURO,16,8708,0,244
2020-06-22,NO,Norway,EURO,0,8708,0,244
2020-06-23,NO,Norway,EURO,37,8745,4,248
2020-06-24,NO,Norway,EURO,6,8751,0,248
2020-06-25,NO,Norway,EURO,26,8777,1,249
2020-06-26,NO,Norway,EURO,16,8793,0,249
2020-06-27,NO,Norway,EURO,22,8815,0,249
2020-06-28,NO,Norway,EURO,0,8815,0,249
2020-06-29,NO,Norway,EURO,0,8815,0,249
2020-06-30,NO,Norway,EURO,40,8855,0,249
2020-07-01,NO,Norway,EURO,10,8865,1,250
2020-07-02,NO,Norway,EURO,22,8887,1,251
2020-07-03,NO,Norway,EURO,8,8895,0,251
2020-07-04,NO,Norway,EURO,0,8895,0,251
2020-07-05,NO,Norway,EURO,0,8895,0,251
2020-07-06,NO,Norway,EURO,0,8895,0,251
2020-07-07,NO,Norway,EURO,35,8930,0,251
2020-07-08,NO,Norway,EURO,6,8936,0,251
2020-07-09,NO,Norway,EURO,11,8947,0,251
2020-07-10,NO,Norway,EURO,7,8954,1,252
2020-07-11,NO,Norway,EURO,11,8965,0,252
2020-07-12,NO,Norway,EURO,0,8965,0,252
2020-07-13,NO,Norway,EURO,0,8965,0,252
2020-07-14,NO,Norway,EURO,16,8981,1,253
2020-07-15,NO,Norway,EURO,3,8984,0,253
2020-07-16,NO,Norway,EURO,17,9001,0,253
2020-07-17,NO,Norway,EURO,10,9011,1,254
2020-07-18,NO,Norway,EURO,4,9015,1,255
2020-07-19,NO,Norway,EURO,0,9015,0,255
2020-07-20,NO,Norway,EURO,0,9015,0,255
2020-07-21,NO,Norway,EURO,13,9028,0,255
2020-07-22,NO,Norway,EURO,10,9038,0,255
2020-07-23,NO,Norway,EURO,15,9053,0,255
2020-07-24,NO,Norway,EURO,9,9062,0,255
2020-07-25,NO,Norway,EURO,23,9085,0,255
2020-07-26,NO,Norway,EURO,0,9085,0,255
